,age0_18,age19_35,age36_55,age56_102,low_income,medium_income,high_income,shoes,restaurant,gym,clothes,clinic
10026,0.013932745336173771,0.011989315627241722,0.014529297114585178,0.009703955470173883,0.6315217391304349,0.2152173913043478,0.1532608695652174,0.0,0.007100591715976331,0.0,0.0,0.014925373134328358
10027,0.023003563820256038,0.0267990706260543,0.020068421267837915,0.017066230159181246,0.6757542711741185,0.19120319883678666,0.13304252998909488,0.017857142857142856,0.009861932938856016,0.0625,0.010395010395010396,0.014925373134328358
10030,0.012849662532104247,0.009193359236326868,0.010309531273426107,0.008014004615157267,0.7581462708182477,0.18102824040550328,0.060825488776249104,0.0,0.002366863905325444,0.015625,0.0,0.0
10037,0.0065781352658928465,0.00503614912093858,0.0055936430917690036,0.006593081811051369,0.6343490304709141,0.2696214219759926,0.09602954755309326,0.0,0.0007889546351084812,0.015625,0.0,0.0
10039,0.012650566428414996,0.007819864021525437,0.008600362550941133,0.006403625437170582,0.7540500736377025,0.1840942562592047,0.061855670103092786,0.0,0.0,0.0,0.0,0.0
10001,0.003910247476456886,0.009227635409245262,0.009788875410595756,0.008351236960665068,0.43256464011180984,0.22851153039832284,0.3389238294898672,0.13392857142857142,0.03116370808678501,0.09375,0.08108108108108109,0.014925373134328358
10011,0.00890755967905708,0.01995607753270314,0.02849977510937862,0.022602145403977827,0.28910891089108914,0.23201320132013203,0.4788778877887788,0.026785714285714284,0.046548323471400394,0.0625,0.05405405405405406,0.04477611940298507
10018,0.0006809086746172378,0.0031950289756076064,0.002807725333587755,0.001485337971225366,0.38948995363214833,0.22256568778979907,0.38794435857805254,0.008928571428571428,0.020512820512820513,0.015625,0.016632016632016633,0.0
10019,0.006259581499990045,0.020470220126479078,0.019613188131227085,0.018184022765077884,0.34969818913480877,0.23943661971830987,0.41086519114688136,0.017857142857142856,0.04694280078895464,0.015625,0.04158004158004158,0.014925373134328358
10036,0.003448344515897824,0.013443604678207944,0.01365154220447328,0.010745965526518209,0.40911528150134047,0.24289544235924934,0.3479892761394102,0.026785714285714284,0.03826429980276134,0.0,0.035343035343035345,0.029850746268656716
10029,0.03553865450853127,0.028601018002335676,0.02445174392454579,0.023526692508516064,0.7447108603667136,0.18138222849083216,0.07390691114245417,0.008928571428571428,0.014595660749506903,0.015625,0.002079002079002079,0.029850746268656716
10035,0.015915742528918708,0.012966186555416002,0.014161294279600375,0.011647777866190753,0.735370611183355,0.18075422626788035,0.08387516254876463,0.008928571428571428,0.005128205128205128,0.015625,0.0,0.014925373134328358
10010,0.00503314950126426,0.016518667048601166,0.011549837124671183,0.011859969004937233,0.29061784897025167,0.2585812356979405,0.45080091533180777,0.017857142857142856,0.021696252465483234,0.0625,0.010395010395010396,0.08955223880597014
10016,0.0068528878889840125,0.028564293531351682,0.01913887336613556,0.018733446249332167,0.30064754856614245,0.280604378661733,0.41874807277212456,0.008928571428571428,0.047337278106508875,0.015625,0.006237006237006237,0.08955223880597014
10017,0.0018794672188265275,0.007418343138767086,0.00612792868922842,0.007199342207469886,0.2687296416938111,0.22964169381107494,0.501628664495114,0.0625,0.01893491124260355,0.015625,0.037422037422037424,0.014925373134328358
10022,0.005176498695920521,0.009709950128168403,0.011350842999086808,0.020537070928677254,0.2471576866040534,0.2244191794364805,0.5284231339594662,0.05357142857142857,0.01972386587771203,0.046875,0.0498960498960499,0.04477611940298507
10012,0.0041093435801461365,0.01226352501058889,0.00949992503645954,0.010014663923338373,0.3367029548989114,0.24572317262830484,0.4175738724727839,0.11607142857142858,0.04773175542406312,0.015625,0.1683991683991684,0.0
10013,0.007884205706094332,0.011137307900413028,0.012741075931251618,0.011848601622504385,0.437375745526839,0.1795891318754142,0.38303512259774686,0.0625,0.04299802761341223,0.0,0.04781704781704782,0.014925373134328358
10014,0.004853963007943935,0.0137937113015887,0.015112649756709238,0.013856839185640723,0.2684458398744113,0.23914181057038197,0.49241234955520663,0.008928571428571428,0.03550295857988166,0.015625,0.016632016632016633,0.014925373134328358
10004,0.0006888725187648078,0.001819085462740576,0.0014174924014229444,0.000644151671194674,0.2409638554216868,0.19678714859437751,0.5622489959839357,0.008928571428571428,0.015779092702169626,0.0,0.004158004158004158,0.0
10005,0.0006450713759531726,0.005675154916060101,0.002447900339380392,0.00046227355226911897,0.2435064935064935,0.25487012987012986,0.5016233766233766,0.0,0.010650887573964497,0.015625,0.002079002079002079,0.0
10006,0.00029068031138630615,0.0024629878539932965,0.0011094603988060353,0.0002993410707316426,0.2551440329218107,0.2551440329218107,0.4897119341563786,0.008928571428571428,0.00631163708086785,0.0,0.0,0.0
10007,0.0020546717900730683,0.003662653906137149,0.004617754092327822,0.001345140254553584,0.21621621621621623,0.13513513513513514,0.6486486486486487,0.008928571428571428,0.005917159763313609,0.0,0.002079002079002079,0.014925373134328358
10038,0.004925637605272065,0.010593785729849895,0.006316019027109542,0.007180396570081808,0.4455364455364455,0.22768222768222768,0.3267813267813269,0.008928571428571428,0.024063116370808678,0.015625,0.02286902286902287,0.014925373134328358
10280,0.002249785971688534,0.0029501991690476367,0.003947171148577737,0.002451565478017377,0.21149425287356322,0.20229885057471264,0.5862068965517242,0.0,0.0035502958579881655,0.0,0.0,0.0
10002,0.02743544308837876,0.02809177200469094,0.030931319767204132,0.03799737034553054,0.7094234776568651,0.17087288724241723,0.11970363510071777,0.008928571428571428,0.035897435897435895,0.015625,0.02079002079002079,0.014925373134328358
10003,0.009584486431600533,0.033039782395267926,0.02051820251059712,0.01956326516693001,0.31081530782029954,0.2555740432612313,0.4336106489184692,0.08035714285714286,0.05996055226824457,0.078125,0.058212058212058215,0.05970149253731343
10009,0.01507555697135007,0.027763700063900578,0.022549032970328068,0.02242026728505227,0.5040047463660635,0.28211213289824977,0.21388312073568672,0.008928571428571428,0.021301775147928994,0.0,0.002079002079002079,0.014925373134328358
10021,0.010643677703227349,0.013098394650958385,0.014455696547588218,0.022060300174678776,0.2688172043010753,0.23614557485525225,0.49503722084367247,0.017857142857142856,0.009072978303747535,0.0,0.012474012474012475,0.0
10028,0.01243952455850439,0.013908781310671886,0.016159413376221565,0.02113575307014054,0.2829532276768458,0.2597603401623502,0.45728643216080406,0.0,0.0126232741617357,0.0,0.018711018711018712,0.029850746268656716
10044,0.003472236048340534,0.0038683109436475236,0.004784036854802437,0.006199012553379333,0.4477958236658933,0.24825986078886308,0.3039443155452436,0.0,0.0007889546351084812,0.03125,0.0,0.0
10065,0.0073347004599119995,0.01023143761614114,0.011359020839864249,0.016448602380329882,0.2774639045825486,0.24042686754551162,0.4821092278719397,0.008928571428571428,0.008678500986193294,0.0,0.006237006237006237,0.014925373134328358
10075,0.006980309395345133,0.007205341207059912,0.008990172961332444,0.012867876913983016,0.270963270963271,0.255024255024255,0.47401247401247404,0.0,0.0067061143984220905,0.0,0.006237006237006237,0.014925373134328358
10128,0.017050590319947437,0.02095008654733662,0.02189480570813286,0.02470890028153217,0.3182089552238806,0.25940298507462684,0.42238805970149257,0.0,0.023668639053254437,0.015625,0.002079002079002079,0.029850746268656716
10023,0.015354291516515023,0.018621755086951308,0.02414371192192888,0.030013678750194193,0.28768328445747804,0.20879765395894428,0.5035190615835777,0.026785714285714284,0.01893491124260355,0.03125,0.037422037422037424,0.029850746268656716
10024,0.018129691201943177,0.015446312495868498,0.02422549032970328,0.030987484511941436,0.3144694533762058,0.207395498392283,0.4781350482315113,0.044642857142857144,0.03116370808678501,0.0,0.016632016632016633,0.029850746268656716
10025,0.026838154777311007,0.0324448459653272,0.03591980264144257,0.04293460344886383,0.45335900727428324,0.22486093281985453,0.3217800599058622,0.008928571428571428,0.03944773175542406,0.0,0.006237006237006237,0.04477611940298507
10031,0.023361936806896688,0.02421121957071542,0.02146410609385435,0.017759640487584924,0.7558022199798184,0.18298015472586615,0.06121762529431551,0.008928571428571428,0.005128205128205128,0.03125,0.0,0.014925373134328358
10032,0.022708901586795945,0.02364076612143069,0.020798975043955895,0.02066590126291619,0.7731064397731064,0.1698365031698365,0.05705705705705706,0.0,0.0019723865877712033,0.015625,0.0,0.0
10033,0.021203735042905212,0.023060519479883558,0.02033283811964181,0.0193434957732283,0.7313213102686786,0.17556128082443873,0.0931174089068826,0.0,0.007100591715976331,0.0,0.0,0.0
10034,0.016222350528600157,0.013519501918241535,0.015477926644768226,0.013208898386968433,0.7139376218323588,0.2002923976608187,0.08576998050682261,0.0,0.005917159763313609,0.0,0.0,0.0
10040,0.016556831982798097,0.014511062634809412,0.01573143970886887,0.014970842664059746,0.7255900046274874,0.19435446552521982,0.0800555298472929,0.0,0.002366863905325444,0.0,0.0,0.0
11691,0.03570191331355645,0.017833403109828203,0.018383786067685263,0.02175716997646952,0.7578055307760927,0.17216770740410348,0.07002676181980376,0.0,0.0007889546351084812,0.0,0.0,0.0
11692,0.010990104923646644,0.0052638408410393515,0.00608703948534122,0.005744317256065445,0.7421965317919075,0.18497109826589592,0.07283236994219652,0.0,0.0003944773175542406,0.015625,0.0,0.0
11693,0.005698130487586358,0.0031974772736732063,0.004653191402363396,0.0047136745821539676,0.636842105263158,0.23333333333333334,0.12982456140350876,0.008928571428571428,0.002366863905325444,0.0,0.002079002079002079,0.0
11694,0.008409819419833953,0.004781526122116211,0.008545843612424867,0.011681880013489293,0.49659090909090914,0.23977272727272728,0.26363636363636367,0.0,0.0,0.0,0.0,0.0
11697,0.0016206422840305014,0.0006879717564335152,0.0014038626667938776,0.002754695676226635,0.35784313725490197,0.26960784313725494,0.3725490196078432,0.0,0.001183431952662722,0.0,0.0,0.0
11204,0.04364186592868378,0.025276229229251285,0.027169513009581703,0.03064646303895602,0.7335329341317365,0.16766467065868262,0.09880239520958084,0.017857142857142856,0.0035502958579881655,0.0,0.006237006237006237,0.04477611940298507
11218,0.040846556632886694,0.026497929963985537,0.02901770502528316,0.024898356655412957,0.6367482623148988,0.21245089150800844,0.15080084617709277,0.0,0.011439842209072978,0.0,0.0,0.0
11219,0.06439564377725128,0.031617321219154504,0.02661341983671578,0.028873151379431857,0.8146426496223127,0.11882626380011621,0.06653108657757117,0.008928571428571428,0.0035502958579881655,0.0,0.006237006237006237,0.0
11230,0.045624863121428716,0.02766087154514539,0.028227180416797285,0.03655750190403656,0.6671384092838947,0.19501839796207188,0.1378431927540334,0.0,0.0019723865877712033,0.0,0.002079002079002079,0.0
11201,0.014000438011428116,0.021968578542626092,0.021570418023961074,0.018388635648869136,0.33333333333333337,0.23139158576051783,0.43527508090614886,0.03571428571428571,0.03471400394477318,0.09375,0.056133056133056136,0.05970149253731343
11205,0.021064367770322733,0.017796678638844207,0.012310376316973109,0.008506591187247312,0.6143617021276595,0.226063829787234,0.1595744680851064,0.0,0.01222879684418146,0.0,0.0,0.014925373134328358
11215,0.0211002050689868,0.024886949836820934,0.027379410922869333,0.01955568691197478,0.3647443519619501,0.27080856123662306,0.3644470868014269,0.08035714285714286,0.04339250493096647,0.015625,0.060291060291060294,0.014925373134328358
11217,0.011109562585860195,0.014552683701924607,0.01514808706674481,0.01070807425174205,0.4149108589951378,0.2685035116153431,0.3165856293895192,0.008928571428571428,0.035897435897435895,0.09375,0.06652806652806653,0.0
11231,0.012690385649152846,0.012023591800160119,0.014281235944336165,0.009847942314323281,0.4353219137625516,0.22799763733018313,0.33668044890726523,0.0,0.016962524654832348,0.015625,0.002079002079002079,0.029850746268656716
11203,0.03322117586158839,0.021713955543803724,0.025580285951832517,0.03095717149212051,0.731791600212653,0.20707070707070707,0.06113769271664008,0.0,0.0007889546351084812,0.015625,0.0,0.014925373134328358
11210,0.033774663029844505,0.018313269530685745,0.020319208385012742,0.022230810911171486,0.6610906657745065,0.2117765138842422,0.12713282034125126,0.0,0.0,0.0,0.0,0.0
11225,0.024875067194934996,0.018727031903772094,0.019577750821191512,0.018627350679958927,0.6941715782580222,0.2305173542894564,0.0753110674525213,0.0,0.002366863905325444,0.0,0.0,0.0
11226,0.04832858820952874,0.03260888193572238,0.0346195259578296,0.03182109255701689,0.7610484025253492,0.18634015687775016,0.052611440596900705,0.0,0.005522682445759369,0.0,0.002079002079002079,0.014925373134328358
11220,0.04953909251995938,0.040783749176759775,0.03912006433234745,0.03067298693129933,0.863091947669062,0.09765984890363,0.03924820342730791,0.008928571428571428,0.005917159763313609,0.015625,0.0,0.029850746268656716
11232,0.01265454835048878,0.014927273305961362,0.012803772710545325,0.007013674961066715,0.7467581998474447,0.18001525553012968,0.07322654462242563,0.0,0.0027613412228796844,0.0,0.0,0.0
